10
01000001000000000000000000000001 11000001000000000000000000000010
00000001000000000000000000000000 10000000111000000000000000000000
01111111100000000000000000000000 10000000111111111000000000000000
01111111110000000000000000000000 10000000111111111000000000000000
01111111000000000000000000000000 01111111000000000000000000000000
10000000000100000000000000000001 00000000000100000000000000000001
10000000101000000000000000000000 00000000010000000000000000000000
11000000001010101010101010101010 10111111101010101010101010101011
00000000011111111111111111111111 00000001011100000000000000000000
00101101001000101001110110111111 00011010111101011101111111101111
