14
11111111110110101001010110001011 01010101011010010001001011101001
10101011111000101010000111110101 01111111110100111110101000110101
11111111100000000000000000000000 01111111100000000000000000000000
11111111100000000000000000000000 00110101110101001110101000111101
11010101001010101010101010101010 11010100101010101010101010101011
11111111010101010111010100100101 11111111011010111010010000100010
11111111001010101010101010101010 11111110101010101010101010101011
10000000110101010110100101010011 00000000101100101001010010010010
10000001110101010110100101010011 00000001101100101001010010010010
10110100101001010010101010100111 00110100101001010010101010100111
10000000011010101000011010101001 00000000010100101010101001011100
11010010100100101010010100101010 00000000000101001010100101001010
00001111111111111111111111111111 10000011111111111111111111111111
10000000000100000000000000000001 00000000000100000000000000000001
